46500000         229979036000140                    00000 000000000000  INSS                                                                  11908202200000000000308900000
46500001 1202109202200010000000229979036000140                          00000 000000000000  INSS                          00
4650001300001H0                                    000000000000080109346560   00000000000000000 20009202203000000000000000000000000000000000000000001000000000000C_8010934656_932    00000000000000000000                             000000
4650001300002H0                                    000000000000080109346560   00000000000000000 20009202203000000000000000000000000000000000000000001000000000000C_8010934656_934    00000000000000000000                             000000
4650001300003H0                                    000000000000080109346560   00000000000000000 20009202203000000000000000000000000000000000000000001000000000000C_8010934656_935    00000000000000000000                             000000
4650001300004H0                                    000000000000080110646550   00000000000000000 20009202203000000000000000000000000000000000000000002000000000000C_8011064655_1063   00000000000000000000                             000000
4650001300005H0                                    000000000000080110646550   00000000000000000 20009202202000000000000000000000000000000000000000002000000000000C_8011064655_1064   00000000000000000000                             000000
4650001300006H0                                    000000000000080110946510   00000000000000000 20009202203000000000000000000000000000000000000000000000000000000C_8011094651_1091   00000000000000000000                             H20000
4650001300007H0                                    000000000000080111746550   00000000000000000 20009202233000000000000000000000000000000000000000010000000000000C_8011174655_1171   00000000000000000000                             000000
46500015000000000000900000000000000000000000060000000000170000000100000000000000000000000000000000000000000000
46599999         000001000011000000